====================

cycle:1	96	ADD		R3, R1, R2
registers:
r00:	0	3	9	12	0	0	0	0	
r08:	0	0	0	0	0	0	0	0	
r16:	0	0	0	0	0	0	0	0	
r32:	0	0	0	0	0	0	0	0	

====================

cycle:2	100	SUB		R3, R1, R2
registers:
r00:	0	3	9	-6	0	0	0	0	
r08:	0	0	0	0	0	0	0	0	
r16:	0	0	0	0	0	0	0	0	
r32:	0	0	0	0	0	0	0	0	

====================

cycle:3	104	AND		R3, R1, R2
registers:
r00:	0	3	9	1	0	0	0	0	
r08:	0	0	0	0	0	0	0	0	
r16:	0	0	0	0	0	0	0	0	
r32:	0	0	0	0	0	0	0	0	

====================

cycle:4	108	ORR		R3, R1, R2
registers:
r00:	0	3	9	11	0	0	0	0	
r08:	0	0	0	0	0	0	0	0	
r16:	0	0	0	0	0	0	0	0	
r32:	0	0	0	0	0	0	0	0	

====================

cycle:5	116	ADDI	 	R1, R2, #400
registers:
r00:	0	409	9	11	0	0	0	0	
r08:	0	0	0	0	0	0	0	0	
r16:	0	0	0	0	0	0	0	0	
r32:	0	0	0	0	0	0	0	0	

====================

cycle:6	120	SUBI	 	R1, R2, #400
registers:
r00:	0	-391	9	11	0	0	0	0	
r08:	0	0	0	0	0	0	0	0	
r16:	0	0	0	0	0	0	0	0	
r32:	0	0	0	0	0	0	0	0	

====================

cycle:7	148	LSR		R0, R1, #2
registers:
r00:	0	3	9	11	0	0	0	0	
r08:	0	0	0	0	0	0	0	0	
r16:	0	0	0	0	0	0	0	0	
r32:	0	0	0	0	0	0	0	0	

====================

cycle:8	152	LSL		R0, R1, #2
registers:
r00:	48	3	9	11	0	0	0	0	
r08:	0	0	0	0	0	0	0	0	
r16:	0	0	0	0	0	0	0	0	
r32:	0	0	0	0	0	0	0	0	

